778
779
1014
1167
1285
1367
1472
1513
1514
1897
2016
2089
2092
2094
2209
2211
2502
2662
2663
2878
2879
3173
3965
4195
4198
4201
4203
4299
4865
5116
5218
5447
5706
5707
6026
6027
6028
6222
6340
6567
6572
6714
6885
7230
7231
7232
7233
7234
7885
7886
7888
7889
7890
7891
7895
7899
7903
7905
7906
7907
7909
7912
7914
8013
8273
9236
9483
9618
10316
10516
10517
10616
11578
11579
11970
11971
12163
12493
13038
13066
13069
13073
13487
13855
13856
13857
13858
14506
14507
14511
14514
15087
15149
15165
15450
15451
15775
15948
15949
15951
15954
15964
16798
17165
17166
17265
17271
17272
17595
17795
17796
17797
17800
17803
17896
17897
18145
18146
18147
18325
18327
18333
18335
18343
18509
18546
18723
18724
18750
19123
19124
19414
19905
19906
19907
19912
19925
19926
20164
20442
21144
21401
21619
21620
22035
22036
22037
22039
22041
22042
22081
22148
22151
22152
22153
22155
22163
22538
22539
22799
22800
22802
22804
22845
22846
22880
22881
22919
22921
22922
22937
22939
22942
22944
23129
23130
23712
